00190271000157
00308974000137
00489050001237
00746771000122
00795115000110
01009876000404
01341776000642
01447737001191
02013667000588
02155520000875
02531128000530
02600151000106
02860019000133
03149182000155
03366089000100
03635534000182
03773958000103
04387034000131
04485217000190
04587021000106
04628426000811
04652828000185
04698426000111
04707850000185
04790065000139
04944076000126
04998127000100
05066874000165
05289656000190
05371801000187
05498284000101
05624289000133
05863906000153
05964140000101
05991437000158
06025185000175
06626253037829
07154188000171
07389284000107
08075907000474
08086313000116
08174507000173
08466769000101
08542577000137
08626377000162
08628446000258
08632345000170
08698594000168
08706532000150
08827363000107
08958421000131
08958479000185
08970276000104
09044235002527
09219131000139
09452531000190
09528199000108
09646827000907
10358875000113
10372218000120
10456298000100
10482394000115
10689013000173
10782968000170
10784141000104
10842371000174
10951972000115
11000836000102
11294488000395
11437004000158
11506141000105
11536226000128
11564881000190
11565833000116
11585966000154
11838513003027
11896145000139
12081169000100
12092134000169
12263361000100
12657944000115
12719004000103
12757263000129
12841422000179
12891935000194
12978801000105
12988883000179
13120321000171
13270338000105
13484082000139
13572673000168
13661627000135
13674754000179
13736618000166
13749956000132
13922697000108
13980918000358
14244429000139
14644526000380
15039943000103
15087610000141
15227236000132
15272325000109
15345712000110
15424720000666
15489544000136
15684078000140
15799301000102
16904637000142
16971902000105
16974249000138
17017519000185
17082435000125
17214078000101
17291670000107
17616318000102
18040837000120
18296147000306
18307800000115
18658129000157
18939416000135
19525423000153
19783812000340
19848316000670
19963866000126
20165358000181
20430504000159
20524889000113
20882611000118
20937863000105
21011924000163
21278659000184
21839008000116
22264658000143
29905551000186
33033028003876
33100082000448
34020354000209
35408798000190
40870263000176
40888356000128
49930514031448
61412110049162
67071001000793
72158165000369
73972002001430
